#!/bin/sh
#
#


FILE="maching-call-id-may.txt";
rm -f ${FILE}
 
echo " select callid, acct from cs_calls where typeid = 10 and calltime between '2015-05-01 00:00:01' and '2015-06-01 00:00:01' and acct in (
447     ,
8065    ,
29691   ,
29887   ,
31973   ,
33899   ,
40149   ,
43294   ,
44117   ,
46649   ,
69089   ,
73546   ,
75101   ,
77319   ,
77322   ,
79653   ,
80899   ,
80907   ,
82272   ,
83475   ,
91514   ,
95869   ,
109144  ,
119092  ,
124001  ,
125891  ,
126602  ,
139012  ,
141946  ,
145020  ,
150505  ,
151233  ,
152365  ,
159086  ,
160356  ,
161269  ,
166150  ,
167913  ,
169083  ,
173172  ,
175326  ,
175960  ,
180183  ,
180720  ,
185325  ,
189248  ,
264432  ,
267942  ,
269288  ,
269663  ,
303463  ,
357450  ,
371523  ,
374247  ,
380802  ,
392301  ,
392411  ,
398069  ,
403621  ,
407554  ,
409209  ,
418184  ,
419322  ,
419337  ,
423826  ,
426315  ,
433110  ,
435264  ,
435318  ,
435331  ,
437194  ,
437224  ,
437233  ,
438427  ,
438507  ,
438869  ,
439090  ,
444502  ,
449117  ,
451882  ,
452935  ,
453536  ,
453917  ,
454696  ,
456899  ,
459217  ,
471313  ,
472503  ,
473326  ,
476448  ,
553948  ,
566078  ,
569991  ,
578337  ,
582976  ,
585389  ,
587328  ,
590083  ,
613111  ,
618299  ,
618771  ,
624360  ,
637590  ,
657806  ,
676422  ,
677779  ,
696812  ,
708025  ,
710276  ,
725459  ,
738384  ,
791874  ,
830436  ,
841092  ,
849799  ,
892834  ,
919771  ,
955682  ,
966820  ,
973386  ,
976116  ,
1024859 ,
1075671 ,
1076484 ,
1082494 ,
1082846 ,
1093958 ,
1103269 ,
1103440 ,
1106954 ,
1108683 ,
1112819 ,
1117012 ,
1121235 ,
1123073 ,
1128400 ,
1148506 ,
1161547 ,
1166307 ,
1167137 ,
1169677 ,
1173846 ,
1191704 ,
1208736 ,
1223525 ,
1225843 ,
1239553 ,
1239738 ,
1242483 ,
1245859 ,
1264068 ,
1272301 ,
1273503 ,
1281896 ,
1285763 ,
1290418 ,
1291257 ,
1293546 ,
1296482 ,
1300520 ,
1300708 ,
1301210 ,
1301424 ,
1302501 ,
1307895 ,
1308694 ,
1309047 ,
1311227 ,
10001783,
10006331,
10010433,
10014080,
10017755,
10023173,
10026062,
10026550,
10030810,
10031052,
10031118,
10033943,
10034827,
10036511,
10039452,
10043416,
10052131,
10052828,
10055661,
10056239,
10073740,
10075206,
10077084,
10077926,
10078771,
10082250,
10090997,
10103482,
10108731,
10112403,
20004237,
20040531,
20042077,
20043656,
20054320,
20079535,
20083671,
20093570,
20094465,
20095037,
20095334,
20100387,
30085607,
30113960,
30145379,
30164294,
30211455,
30236397,
30257738,
30308396,
30370705,
30415988,
30419909,
30520228,
30578108,
30667941,
30685058,
30687049,
30689605,
30701552,
30713382,
30717958,
30733456,
30734333,
30739040 )  order by acct, callid " | mysql -As tgrams >> ${FILE}
