#!/bin/sh
#
#


FILE="position15Q2.txt";
rm -f ${FILE}

echo " select * from  position15Q2 " | mysql -As thomas >> ${FILE}

exit;

 
FILE="maching.txt";
rm -f ${FILE}

echo " select acct from  position15Q2 , zacct  where  acct=cid and  heading in (  
2894    ,
2900    ,
45340403,
45361003,
45620408,
95997284,
96098819,
96115258,
71800205,
96148598,
71879001,
96029988,
95923561,
95968863,
72201007,
71814008,
71830004,
72196207,
72200520,
72197007,
96087846,
71895007,
97004903,
72200348,
72200405,
72195209,
97004904,
71820005,
71840003,
71880009,
72199003,
72200306,
72200454,
72200470,
72200538,
71850002,
95968855,
60421005,
72200207,
97003310,
72200496,
71920003,
95942116,
97007296,
71870000,
49430770,
95990065,
96014741,
71871008,
72200504,
72200512,
96009758,
96003736,
71866008,
72190200,
95905162,
96004197,
95923256,
96004189,
72009004,
96120936,
96173000,
71882005,
45338001,
71900005,
96015268,
72198005,
72200421,
71829006,
13671607,
97004654,
13671854,
95993549,
96147566,
51272201,
2890    ,
96215694,
25350976,
21793500,
57792103,
97004531,
57792608,
97004532,
96123112,
96155353,
45328671,
95981981,
49411200,
49430762,
89571293,
45328606,
45328622,
49411002,
95902821,
96076211,
97002637,
96067582,
96067590,
96096888,
92850742,
96147780,
49821358,
96010269,
96076369,
95942579,
96076377,
96219287,
45500006,
96076385,
45620762,
96054002,
96076393,
45570009,
49430531,
96196985,
45328705,
45336005,
96072624,
45620440,
45620465,
95970687,
45620424,
95942587,
45328655,
5098009 ,
96086178,
45330586,
97006190,
45580503,
52230729,
97004585,
97004587,
95967915,
61730347,
95992343,
45620473,
96000401,
45620689,
83530386,
85900504,
45620929,
89540751,
35611003,
35611060,
45370004,
45611001,
45328903,
96003710,
96067574,
45590007,
43333004,
83961045,
96141528,
34890459,
96141460,
1255504 ,
13010400,
13010525,
13070891,
95940334,
96141486,
96141411,
96141494,
96141296,
96141510,
45340205,
95942686,
96141288,
96195334,
97002699,
96141304,
96141320,
96092648,
96141353,
96141445,
96141452,
96141502,
96141478,
96160395,
16743767,
96147772,
10632206,
96123302,
65306003,
96195474,
49430440,
96141270,
96151014,
96141338,
45620457,
45501004,
96073440,
97006610,
75530667,
96141312,
96141437,
95941449,
96147764,
97007160,
45359007,
45360005,
49430465,
49430614,
96219134,
22340004,
55000707,
43340603,
95972345,
95974531,
96095294,
45488509,
95997292,
96089404,
41822800,
49430374,
96014758,
96142195,
97003309,
25331000,
96066899,
95931531,
25231192,
96048483,
96000468,
96000476,
25331026,
96073325,
95171054,
97007297,
25333402,
25334400,
96144225,
25231044,
95171047,
96006366,
96048384,
96102975,
25333337,
25335506,
96147004,
89741607,
89741573,
95997276,
96089396,
51171205,
51171304,
45330503,
45330529,
45600202,
49430309,
97003472,
97004655,
96098827,
96076351,
49430754,
96098835,
96055041,
96196977,
95932844,
95971925,
95942678,
95903985,
49430457,
95910956,
96201785,
96081583,
45329208,
49411408,
97006488,
45560000 ) group by acct " | mysql -As thomas >> ${FILE}



 


echo "Done...";
exit;



 
